id,date,price,bedrooms,bathrooms,sqft_living,sqft_lot,floors,waterfront,view,condition,grade,sqft_above,sqft_basement,yr_built,yr_renovated,zipcode,lat,long,sqft_living15,sqft_lot15
2487200875,20141209T000000,604000,4,3,1960,5000,1,0,0,5,7,1050,910,1965,0,98136,47.5208,-122.393,1360,5000
7237550310,20140512T000000,1.23E+06,4,4.5,5420,101930,1,0,0,3,11,3890,1530,2001,0,98053,47.6561,-122.005,4760,101930
9212900260,20140527T000000,468000,2,1,1160,6000,1,0,0,4,7,860,300,1942,0,98115,47.69,-122.292,1330,6000
114101516,20140528T000000,310000,3,1,1430,19901,1.5,0,0,4,7,1430,0,1927,0,98028,47.7558,-122.229,1780,12697
6054650070,20141007T000000,400000,3,1.75,1370,9680,1,0,0,4,7,1370,0,1977,0,98074,47.6127,-122.045,1370,10208
9297300055,20150124T000000,650000,4,3,2950,5000,2,0,3,3,9,1980,970,1979,0,98126,47.5714,-122.375,2140,4000
6865200140,20140529T000000,485000,4,1,1600,4300,1.5,0,0,4,7,1600,0,1916,0,98103,47.6648,-122.343,1610,4300
6300500875,20140514T000000,385000,4,1.75,1620,4980,1,0,0,4,7,860,760,1947,0,98133,47.7025,-122.341,1400,4980
7137970340,20140703T000000,285000,5,2.5,2270,6300,2,0,0,3,8,2270,0,1995,0,98092,47.3266,-122.169,2240,7005
8091400200,20140516T000000,252700,2,1.5,1070,9643,1,0,0,3,7,1070,0,1985,0,98030,47.3533,-122.166,1220,8386
3814700200,20141120T000000,329000,3,2.25,2450,6500,2,0,0,4,8,2450,0,1985,0,98030,47.3739,-122.172,2200,6865
1202000200,20141103T000000,233000,3,2,1710,4697,1.5,0,0,5,6,1710,0,1941,0,98002,47.3048,-122.218,1030,4705
1794500383,20140626T000000,937000,3,1.75,2450,2691,2,0,0,3,8,1750,700,1915,0,98119,47.6386,-122.36,1760,3573
5101402488,20140624T000000,438000,3,1.75,1520,6380,1,0,0,3,7,790,730,1948,0,98115,47.695,-122.304,1520,6235
7955080270,20141203T000000,322500,4,2.75,2060,6659,1,0,0,3,7,1280,780,1981,0,98058,47.4276,-122.157,2020,8720
2078500320,20140620T000000,605000,4,2.5,2620,7553,2,0,0,3,8,2620,0,1996,0,98056,47.5301,-122.18,2620,11884
7203220400,20140707T000000,861990,5,2.75,3595,5639,2,0,0,3,9,3595,0,2014,0,98053,47.6848,-122.016,3625,5639
1432701230,20140729T000000,309000,3,1,1280,9656,1,0,0,4,6,920,360,1959,0,98058,47.4485,-122.175,1340,8808
8035350320,20140718T000000,488000,3,2.5,3160,13603,2,0,0,3,8,3160,0,2003,0,98019,47.7443,-121.977,3050,9232
8945200830,20150325T000000,210490,3,1,990,8528,1,0,0,3,6,990,0,1966,0,98023,47.3066,-122.371,1228,8840
4178300310,20140716T000000,785000,4,2.5,2290,13416,2,0,0,4,9,2290,0,1981,0,98007,47.6194,-122.151,2680,13685
822039084,20150311T000000,1.35E+06,3,2.5,2753,65005,1,1,2,5,9,2165,588,1953,0,98070,47.4041,-122.451,2680,72513
5245600105,20140916T000000,228000,3,1,1190,9199,1,0,0,3,7,1190,0,1955,0,98148,47.4258,-122.322,1190,9364
7231300125,20150217T000000,345000,5,2.5,3150,9134,1,0,0,4,8,1640,1510,1966,0,98056,47.4934,-122.189,1990,9133
7518505990,20141231T000000,600000,3,1.75,1410,4080,1,0,0,4,7,1000,410,1950,0,98117,47.6808,-122.384,1410,4080
1516000055,20141210T000000,650000,3,2.25,2150,21235,1,0,3,4,8,1590,560,1959,0,98166,47.4336,-122.339,2570,18900
9558200045,20140828T000000,289000,3,1.75,1260,8400,1,0,0,3,7,1260,0,1954,0,98148,47.4366,-122.335,1290,8750
3394100030,20140909T000000,975000,4,2.5,2720,11049,2,0,0,3,10,2720,0,1989,0,98004,47.5815,-122.192,2750,11049
1274500060,20140825T000000,204000,3,1,1000,12070,1,0,0,4,7,1000,0,1968,0,98042,47.3621,-122.11,1010,12635
1802000060,20140612T000000,1.33E+06,5,2.25,3200,20158,1,0,0,3,8,1600,1600,1965,0,98004,47.6303,-122.215,3390,20158
1525059190,20140912T000000,1.04E+06,5,3.25,4770,50094,1,0,0,4,11,3070,1700,1973,0,98005,47.6525,-122.16,3530,38917
8820901275,20140610T000000,571000,4,2,2750,7807,1.5,0,0,5,7,2250,500,1916,0,98125,47.7168,-122.287,1510,7807
5416510140,20140710T000000,360000,4,2.5,2380,5000,2,0,0,3,8,2380,0,2005,0,98038,47.3608,-122.036,2420,5000
4036801170,20141013T000000,380000,4,1.75,1760,7300,1,0,0,3,7,880,880,1956,0,98008,47.6034,-122.125,1680,7500
2391600320,20150420T000000,480000,3,1,1040,5060,1,0,0,3,7,1040,0,1941,0,98116,47.5636,-122.394,890,5060
6300000287,20140609T000000,410000,3,1,1410,5060,1,0,0,4,7,910,500,1956,0,98133,47.7073,-122.34,1130,5693
1531000030,20150323T000000,720000,4,2.5,3450,39683,2,0,0,3,10,3450,0,2002,0,98010,47.342,-122.025,3350,39750
1133000671,20140602T000000,315000,3,1,960,6634,1,0,0,3,6,960,0,1952,0,98125,47.7264,-122.31,1570,7203
4232902595,20141114T000000,940000,3,1.5,2140,3600,2,0,0,3,9,1900,240,1925,0,98119,47.6337,-122.365,2020,4800
2599001200,20141103T000000,305000,5,2.25,2660,8400,1.5,0,0,5,7,2660,0,1961,0,98092,47.2909,-122.189,1590,8165
1332700270,20140519T000000,215000,2,2.25,1610,2040,2,0,0,4,7,1610,0,1979,0,98056,47.518,-122.194,1950,2025
2791500270,20140522T000000,243500,4,2.5,1980,7403,2,0,0,3,7,1980,0,1988,0,98023,47.2897,-122.372,1980,7510
5036300431,20150311T000000,1.10E+06,5,2.75,3520,6353,2,0,0,4,10,3520,0,2001,0,98199,47.6506,-122.391,2520,6250
6021501535,20140725T000000,430000,3,1.5,1580,5000,1,0,0,3,8,1290,290,1939,0,98117,47.687,-122.386,1570,4500
6021501535,20141223T000000,700000,3,1.5,1580,5000,1,0,0,3,8,1290,290,1939,0,98117,47.687,-122.386,1570,4500
1099611230,20140912T000000,199000,4,1.5,1160,6400,1,0,0,4,7,1160,0,1975,0,98023,47.3036,-122.378,1160,6400
722079104,20140711T000000,314000,3,1.75,1810,41800,1,0,0,5,7,1210,600,1980,0,98038,47.4109,-121.958,1650,135036
7338200240,20140516T000000,437500,3,2.5,2320,36847,2,0,2,3,9,2320,0,1992,0,98045,47.4838,-121.714,2550,35065
1952200240,20140611T000000,850830,3,2.5,2070,13241,1.5,0,0,5,9,1270,800,1910,0,98102,47.6415,-122.315,2200,4500
6197800045,20140924T000000,290000,3,1,1210,33919,1,0,0,3,7,1210,0,1954,0,98058,47.4375,-122.184,1640,14910
546000875,20140523T000000,460000,3,1,1670,4005,1.5,0,0,4,7,1170,500,1939,0,98117,47.6878,-122.38,1240,4005
1853000400,20150305T000000,680000,4,2.5,3140,28037,2,0,0,4,10,3140,0,1991,0,98077,47.7304,-122.082,2990,35001
2525310310,20140916T000000,272500,3,1.75,1540,12600,1,0,0,4,7,1160,380,1980,0,98038,47.3624,-122.031,1540,11656
3362400431,20140626T000000,518500,3,3.5,1590,1102,3,0,0,3,8,1590,0,2010,0,98103,47.6824,-122.347,1620,3166
3454800060,20150108T000000,171800,4,2,1570,9600,1,0,0,3,6,1570,0,1950,0,98168,47.4965,-122.303,1880,9000
6675500070,20141119T000000,391500,3,2,1450,9132,1,0,0,3,7,1450,0,1987,0,98034,47.7288,-122.226,1580,9104
4389200955,20150302T000000,1.45E+06,4,2.75,2750,17789,1.5,0,0,3,8,1980,770,1914,1992,98004,47.6141,-122.212,3060,11275
8732020310,20140717T000000,260000,4,2.25,2160,8811,1,0,0,3,8,1360,800,1978,0,98023,47.3129,-122.39,2090,8400
7853210060,20150406T000000,430000,4,2.5,2070,4310,2,0,0,3,7,2070,0,2004,0,98065,47.5319,-121.85,1970,3748
3668000070,20150105T000000,212000,3,1.75,1060,7875,1,0,0,4,7,1060,0,1986,0,98092,47.2761,-122.152,1420,7680
8929000270,20140512T000000,453246,3,2.5,2010,2287,2,0,0,3,8,1390,620,2014,0,98029,47.5517,-121.998,1690,1662
3655000070,20140805T000000,220000,4,1.75,2020,7840,1,0,0,3,7,1010,1010,1968,0,98003,47.3309,-122.299,1750,8140
4027700812,20140529T000000,452000,4,2.25,2590,10002,1,0,0,4,8,1340,1250,1968,0,98028,47.7689,-122.266,1550,10436
4232901525,20140627T000000,665000,2,1,1110,3200,1,0,0,3,7,1110,0,1925,0,98119,47.6338,-122.358,1170,3600
6140100875,20150415T000000,420000,3,1,1060,8097,1,0,0,4,7,940,120,1923,0,98133,47.7144,-122.351,1560,7940
6071600370,20150227T000000,500000,4,2.25,2030,8517,1,0,0,4,8,1380,650,1961,0,98006,47.5495,-122.174,2230,8824
8075400570,20141030T000000,258000,5,2,2260,12500,1,0,0,4,8,1130,1130,1960,0,98032,47.3887,-122.286,1360,18000
1994200024,20141104T000000,511000,3,1,1430,3455,1,0,0,3,7,980,450,1947,0,98103,47.6873,-122.336,1450,4599
3362900810,20140820T000000,532170,3,2,1360,3090,2,0,0,3,8,1360,0,1990,0,98103,47.6838,-122.353,1500,3090
537000445,20150331T000000,282950,3,1,1250,8200,1,0,0,4,7,1250,0,1954,0,98003,47.3255,-122.304,1680,8633
1081200350,20141003T000000,320000,4,1.75,1760,11180,1,0,0,4,8,1760,0,1968,0,98059,47.4715,-122.118,1730,11180
84000105,20140507T000000,255000,5,2.25,2060,8632,1,0,0,3,7,1030,1030,1962,0,98146,47.4877,-122.335,1010,11680
2617300160,20140812T000000,420000,3,2,2020,38332,1,0,0,4,7,1010,1010,1975,0,98027,47.4582,-122.023,2110,36590
2558660270,20141208T000000,370000,3,1.75,1580,7000,1,0,0,3,7,1180,400,1976,0,98034,47.7209,-122.168,1640,7500
2009000370,20150219T000000,269950,2,1.75,1340,7250,1,0,0,5,5,700,640,1949,0,98198,47.408,-122.327,1830,9750
3261020370,20140605T000000,653000,3,2.5,2680,9750,1,0,0,4,8,1610,1070,1979,0,98034,47.7028,-122.231,2480,8750
7234600798,20150210T000000,425000,3,2.5,1120,1100,2,0,0,3,8,820,300,2008,0,98122,47.6106,-122.31,1590,1795
8123100045,20150414T000000,470000,4,3,2380,5125,1.5,0,0,4,7,1680,700,1925,0,98126,47.5384,-122.376,1410,5375
6661200320,20140723T000000,163500,2,1.5,1050,3419,2,0,0,3,7,1050,0,1996,0,98038,47.3848,-122.039,1050,3417
1954440060,20140505T000000,560000,3,2.5,1900,8744,2,0,0,3,8,1900,0,1987,0,98074,47.62,-122.043,2030,8744
1115810060,20141205T000000,585188,3,2.25,2230,10026,1,0,0,3,8,1430,800,1975,0,98052,47.6647,-122.153,2230,9340
3663500060,20140625T000000,400000,3,2.5,2180,7508,1,0,0,4,7,1420,760,1962,0,98133,47.7606,-122.336,1900,7818
3996900125,20141201T000000,230000,3,1,1060,10228,1,0,0,3,7,1060,0,1948,0,98155,47.7481,-122.3,1570,10228
7549802535,20141111T000000,423000,4,2,1970,6480,1.5,0,0,5,7,1130,840,1920,0,98108,47.5511,-122.312,1500,6480
3278600320,20140723T000000,465000,3,2.5,2150,4084,2,0,0,3,8,2150,0,2007,0,98126,47.5488,-122.372,1750,2385
2824079053,20150113T000000,440000,3,2.5,1910,66211,2,0,0,3,7,1910,0,1997,0,98024,47.5385,-121.911,2330,67268
2222059065,20141112T000000,297000,3,2.5,1940,14952,2,0,0,3,8,1940,0,1994,0,98042,47.3777,-122.165,2030,10450
7551300060,20140716T000000,470000,3,1,1010,5000,1,0,0,3,7,1010,0,1952,0,98107,47.675,-122.394,1680,5000
100600550,20140804T000000,226500,3,1.5,1300,7370,1,0,0,4,7,900,400,1976,0,98023,47.3025,-122.37,1430,7500
9526600140,20140919T000000,677900,3,2.5,2440,4587,2,0,0,3,8,2440,0,2010,0,98052,47.7073,-122.114,2750,4587
7465900060,20150205T000000,425000,3,1,1010,5864,1,0,0,3,7,1010,0,1915,0,98116,47.5733,-122.381,1290,5000
1222000055,20141123T000000,180250,2,0.75,900,9600,1,0,0,3,6,900,0,1941,0,98166,47.4604,-122.339,1250,14280
6300000550,20140717T000000,464000,6,3,2300,3404,2,0,0,3,7,1600,700,1920,1994,98133,47.7067,-122.343,1560,1312
2310030510,20150422T000000,320000,4,2.25,1550,7579,2,0,0,3,8,1550,0,1993,0,98038,47.354,-122.047,1630,6397
1025049114,20140717T000000,625504,3,2.25,1270,1566,2,0,0,3,8,1060,210,2014,0,98105,47.6647,-122.284,1160,1327
7611200125,20141023T000000,467000,2,1.5,1320,10800,1,0,0,4,8,1320,0,1947,0,98177,47.7145,-122.367,2120,12040
5611500140,20140822T000000,686000,4,2.5,2760,6440,2,0,0,3,10,2760,0,1999,0,98075,47.5836,-122.026,3070,8127
705700390,20140903T000000,328000,3,2.25,2020,8379,2,0,0,3,7,2020,0,1994,0,98038,47.3828,-122.023,2020,8031
8682281200,20150309T000000,479950,2,2,1510,6516,1,0,0,3,8,1510,0,2005,0,98053,47.7076,-122.013,1640,6009